18430411
13805476
13805476
14803265
17657472
17657472
17657472
11759560
14241057
13779746
12173938
12173938
14029250
16069085
11474930
12490671
13679129
17643801
17248113
17248113
17248113
17248113
17248113
20100131
18882408
19487564
16296114
11005759
18365034
12620799
12620799
12620799
10282779
19928797
16177175
15536340
15536340
19101367
18935441
20104657
11174805
11174805
11174805
16321891
13005039
19227593
16756029
12328186
10298240
10298240
14087923
17657277
19651851
19322212
16228852
19651815
13925866
18517799
11161600
10325746
15872337
17446869
18276759
10509490
11645333
17699338
13825943
11074780
15719607
18365034
15412231
18187353
12774978
19272602
14308667
19970614
17602057
17079687
12695567
12695567
12695567
15675411
14244305
17854407
17436485
12774978
13845360
18724013
15670897
18220636
16758866
15628986
15652524
12774978
13726835
11689730
19021451
13213405
11917127
12774978
